5 5        
-0.42400401342556060     
-0.40143227390650277     
-6.9120337961858791E-006 
8.6134463450626697E-010  
-6.9147694707777760E-006
-0.40143227390650238     
-0.29964623883643193                             
-8.9726936647882560E-006
4.9061116280668671E-010 
-8.9740202969982782E-006
-6.9120337962066958E-006 
-8.9726936648298894E-006 
0.80413378049744566      
-1.8838840210033680E-010 
-3.8197224985613721E-007
8.5924509174439834E-010  
4.8774366490089704E-010 
-1.8838840210033680E-010
0.80417210170273057     
1.5203947981790279E-011
-6.9147694707755170E-006 
-8.9740202969951222E-006
-3.8197224985613721E-007
1.5203950672231617E-011
0.80413378335169927