5 5
1.0000000107623999      
0.95479507666315644      
0.0000000000000000      
5.3953328491069285E-013 
0.0000000000000000      
0.95479507666315644     
0.99999999999886702     
0.0000000000000000     
6.3781864686742656E-013
0.0000000000000000     
0.0000000000000000 
0.0000000000000000 
1.0000000364970107 
0.0000000000000000 
0.0000000000000000 
-5.3953328491104808E-013
-6.3781864686711637E-013
0.0000000000000000     
1.0000000364970068     
0.0000000000000000     
0.0000000000000000
0.0000000000000000
0.0000000000000000
0.0000000000000000
1.0000000364970110